#	A
#	C
#	G
#	T
#	TC
#	TAA
#	ACCC
#	TAAC
#	AACCC
#	TAACC
#	TACCC
#	AACCCC
#	TAACCC
#	TACCCC
#	TAGCCC
#	TCACCC
#	TGACCC
#	TAAACCC
#	TAACCCC
0.047619047619047616	0.047619047619047616	0.047619047619047616	0.047619047619047616	0.047619047619047616	0.047619047619047616	0.047619047619047616	0.047619047619047616	0.11190476190476191	0.047619047619047616	0.047619047619047616	0.05476190476190476	0.07142857142857142	0.047619047619047616	0.047619047619047616	0.047619047619047616	0.047619047619047616	0.047619047619047616	0.047619047619047616
0.042735042735042736	0.042735042735042736	0.042735042735042736	0.042735042735042736	0.042735042735042736	0.042735042735042736	0.042735042735042736	0.042735042735042736	0.049145299145299144	0.04487179487179487	0.042735042735042736	0.06196581196581197	0.13247863247863248	0.04487179487179487	0.042735042735042736	0.05555555555555555	0.053418803418803416	0.042735042735042736	0.0876068376068376
0.028328611898016998	0.028328611898016998	0.028328611898016998	0.028328611898016998	0.028328611898016998	0.028328611898016998	0.028328611898016998	0.028328611898016998	0.4376770538243626	0.028328611898016998	0.029745042492917848	0.0679886685552408	0.036827195467422094	0.028328611898016998	0.028328611898016998	0.028328611898016998	0.031161473087818695	0.028328611898016998	0.028328611898016998
0.03663003663003663	0.03663003663003663	0.03663003663003663	0.03663003663003663	0.03663003663003663	0.03663003663003663	0.03663003663003663	0.03663003663003663	0.03663003663003663	0.040293040293040296	0.06593406593406594	0.03663003663003663	0.2838827838827839	0.038461538461538464	0.038461538461538464	0.03663003663003663	0.040293040293040296	0.03663003663003663	0.05311355311355311
0.04938271604938271	0.04938271604938271	0.04938271604938271	0.04938271604938271	0.04938271604938271	0.04938271604938271	0.04938271604938271	0.04938271604938271	0.05185185185185185	0.04938271604938271	0.04938271604938271	0.04938271604938271	0.10864197530864197	0.04938271604938271	0.04938271604938271	0.04938271604938271	0.04938271604938271	0.04938271604938271	0.04938271604938271
0.046189376443418015	0.046189376443418015	0.046189376443418015	0.046189376443418015	0.046189376443418015	0.046189376443418015	0.046189376443418015	0.046189376443418015	0.16628175519630484	0.046189376443418015	0.04849884526558892	0.046189376443418015	0.046189376443418015	0.046189376443418015	0.046189376443418015	0.046189376443418015	0.046189376443418015	0.046189376443418015	0.046189376443418015
0.049019607843137254	0.049019607843137254	0.049019607843137254	0.049019607843137254	0.049019607843137254	0.049019607843137254	0.049019607843137254	0.049019607843137254	0.049019607843137254	0.049019607843137254	0.05392156862745098	0.049019607843137254	0.11029411764705882	0.049019607843137254	0.049019607843137254	0.049019607843137254	0.049019607843137254	0.049019607843137254	0.051470588235294115
0.04938271604938271	0.04938271604938271	0.04938271604938271	0.04938271604938271	0.04938271604938271	0.04938271604938271	0.04938271604938271	0.04938271604938271	0.10123456790123457	0.05185185185185185	0.05185185185185185	0.04938271604938271	0.05185185185185185	0.04938271604938271	0.04938271604938271	0.05185185185185185	0.04938271604938271	0.04938271604938271	0.04938271604938271
0.029354207436399216	0.019569471624266144	0.22602739726027396	0.02446183953033268	0.019569471624266144	0.026418786692759294	0.019569471624266144	0.02054794520547945	0.02837573385518591	0.02837573385518591	0.026418786692759294	0.022504892367906065	0.3238747553816047	0.0273972602739726	0.02054794520547945	0.026418786692759294	0.02054794520547945	0.033268101761252444	0.05675146771037182
0.04911591355599214	0.03929273084479371	0.04911591355599214	0.043222003929273084	0.043222003929273084	0.03929273084479371	0.07072691552062868	0.03929273084479371	0.05304518664047151	0.047151277013752456	0.06286836935166994	0.03929273084479371	0.18467583497053044	0.03929273084479371	0.0412573673870334	0.03929273084479371	0.03929273084479371	0.0412573673870334	0.03929273084479371
0.034013605442176874	0.034013605442176874	0.0391156462585034	0.047619047619047616	0.034013605442176874	0.034013605442176874	0.03741496598639456	0.03571428571428571	0.034013605442176874	0.03741496598639456	0.05952380952380952	0.034013605442176874	0.30952380952380953	0.03571428571428571	0.034013605442176874	0.03741496598639456	0.04081632653061224	0.03741496598639456	0.04421768707482993
0.02265705458290422	0.02265705458290422	0.04016477857878476	0.02059732234809475	0.02059732234809475	0.02059732234809475	0.02265705458290422	0.02059732234809475	0.12255406797116375	0.02059732234809475	0.02059732234809475	0.470648815653965	0.035015447991761074	0.024716786817713696	0.02059732234809475	0.02059732234809475	0.021627188465499485	0.021627188465499485	0.030895983522142123
0.001937653160084345	0.001139795976520203	0.005243061491992934	0.009289337208639654	0.002336581751866416	0.0037613267225166695	0.0013107653729982334	0.0024505613495184363	0.006211888072035106	0.008092551433293441	0.009346327007465663	0.0016527041659542942	0.8924602496153189	0.0041602553142987405	0.0021086225565623753	0.009745255599247734	0.0033623981307345984	0.007009745255599248	0.028380919815353053
0.034129692832764506	0.03583617747440273	0.034129692832764506	0.034129692832764506	0.034129692832764506	0.034129692832764506	0.034129692832764506	0.034129692832764506	0.03924914675767918	0.034129692832764506	0.042662116040955635	0.06996587030716724	0.09556313993174062	0.2440273037542662	0.03754266211604096	0.03754266211604096	0.051194539249146756	0.034129692832764506	0.03924914675767918
0.04216867469879518	0.04417670682730924	0.040160642570281124	0.040160642570281124	0.040160642570281124	0.040160642570281124	0.040160642570281124	0.040160642570281124	0.040160642570281124	0.040160642570281124	0.040160642570281124	0.040160642570281124	0.07429718875502007	0.040160642570281124	0.23293172690763053	0.040160642570281124	0.040160642570281124	0.04216867469879518	0.04216867469879518
0.021119324181626188	0.0337909186906019	0.021119324181626188	0.021119324181626188	0.022175290390707498	0.021119324181626188	0.021119324181626188	0.021119324181626188	0.021119324181626188	0.021119324181626188	0.022175290390707498	0.021119324181626188	0.1700105596620908	0.022175290390707498	0.021119324181626188	0.4297782470960929	0.03907074973600845	0.022175290390707498	0.027455121436114043
0.03087248322147651	0.04429530201342282	0.032214765100671144	0.02953020134228188	0.02953020134228188	0.026845637583892617	0.026845637583892617	0.026845637583892617	0.026845637583892617	0.028187919463087248	0.02953020134228188	0.026845637583892617	0.08590604026845637	0.036241610738255034	0.026845637583892617	0.04563758389261745	0.37986577181208053	0.03087248322147651	0.036241610738255034
0.03860294117647059	0.03676470588235294	0.042279411764705885	0.04411764705882353	0.03676470588235294	0.03676470588235294	0.03676470588235294	0.03676470588235294	0.042279411764705885	0.03676470588235294	0.04044117647058824	0.03860294117647059	0.23161764705882354	0.03676470588235294	0.03676470588235294	0.03676470588235294	0.03860294117647059	0.10477941176470588	0.04779411764705882
0.02074688796680498	0.06556016597510374	0.025726141078838173	0.018257261410788383	0.016597510373443983	0.016597510373443983	0.018257261410788383	0.016597510373443983	0.029045643153526972	0.02074688796680498	0.019087136929460582	0.08298755186721991	0.3211618257261411	0.023236514522821577	0.018257261410788383	0.021576763485477178	0.026556016597510373	0.024066390041493777	0.2149377593360996
